TEST r4: per-rep 2D measures on every labelled rep, browser landmark set (traces-browser), torso units.
maxDev/dev40/dev60 = hip deviation from the shoulder-ankle line during the ascent (max, at 40 %/60 % shoulder rise); hipR40/shR40 = hip and shoulder rise when the shoulders are 40 % up; wrB/elbA/elbAng = bottom-window means; hipBS = max hip-below-shoulder

== traces
clip             n lab  got                      dep  maxDev  dev40  dev60  hipR40  shR40  hipRng    wrB   elbA elbAng  hipBS
IMG_1512         5 bad  good                    0.91   0.097   0.07  0.014   0.258  0.387   0.470  0.220 -0.205   27.7  0.209
IMG_1512         6 bad  hips too high           0.56  -0.260 -0.274 -0.284    0.17  0.239   0.289  0.385  0.018   70.5 -0.126
IMG_1513         1 bad  hips sagging            0.41   0.116  0.113  0.102   0.107  0.163   0.208  0.616 -0.247   95.9  0.341
bad_IMG_4451     1 bad  good                    0.54   0.113  0.064  0.065   0.153  0.225   0.234  0.513 -0.235   78.0  0.302
bad_IMG_4451     2 bad  good                    0.48   0.147  0.098   0.09   0.126  0.207   0.209  0.429 -0.206   68.4  0.302
bad_IMG_4451     3 bad  good                    0.53   0.143  0.097  0.094   0.148  0.252   0.231  0.420 -0.162   69.3  0.334
bad_IMG_4451     4 bad  good                    0.56   0.122  0.075  0.079    0.16  0.233   0.255  0.345 -0.213   52.4  0.302
bad_IMG_4456     1 bad  good                    0.65   0.124  0.114  0.113   0.092  0.259   0.196  0.346 -0.421   68.4  0.340
bad_IMG_4456     2 bad  good                    0.56   0.126  0.102  0.099   0.113  0.226   0.205  0.371 -0.371   75.2  0.315
bad_IMG_4456     3 bad  good                    0.57   0.128  0.125  0.125   0.117  0.254   0.192  0.353 -0.366   74.0  0.328
bad_IMG_4456     4 bad  good                    0.63   0.157   0.15  0.147     0.1  0.266   0.199  0.347 -0.367   73.1  0.378
bad_IMG_4470     1 bad  hips sagging            0.43   0.184  0.157  0.169   0.125  0.178   0.187  0.585 -0.361   88.6  0.425
bad_IMG_4470     2 bad  hips sagging            0.34   0.226  0.226  0.203   0.056  0.156   0.152  0.583 -0.338   81.4  0.407
bad_IMG_4470     3 bad  hips sagging            0.46   0.302  0.298  0.252   0.043  0.197   0.186  0.568 -0.383   79.9  0.475
bad_IMG_4470     4 bad  hips sagging            0.45   0.291  0.276  0.256   0.089  0.183   0.195  0.595 -0.345   86.2  0.489
demo             4 bad  good                    0.64   0.112  0.091  0.112   0.129  0.276   0.195  0.391 -0.295   75.3  0.369
test_video       1 bad  hips sagging            0.47   0.418  0.359  0.413    0.01  0.195   0.031  0.412  0.044  114.1  0.615
test_video       2 bad  good                    0.75   0.135  0.065  0.082   0.261  0.331   0.336  0.454 -0.343   63.8  0.321
test_video3      4 bad  good                    0.64   0.108  0.096  0.108   0.118  0.278   0.215  0.396 -0.285   77.3  0.376
test_video_2     2 bad  dropped to the floor    0.64   0.072  0.032  0.005   0.195  0.261   0.353  0.293  0.147  119.5  0.237
test_video_2     3 bad  knees down              0.47  -0.305 -0.337 -0.305    0.04  0.196   0.063  0.331 -0.040  110.2 -0.048
test_video_4     5 bad  good                    0.62   0.110  0.052  0.058   0.219  0.258   0.306  0.268 -0.144   63.3  0.287
IMG_1305         2 good good                    0.36  -0.006 -0.006 -0.027   0.081  0.147   0.164  0.434 -0.442   64.7  0.145
IMG_1305         3 good good                    0.28  -0.028 -0.034  -0.03   0.077  0.128   0.130  0.416 -0.405   68.6  0.097
IMG_1305         4 good good                    0.43   0.024  0.008  0.012   0.116  0.175   0.190  0.424 -0.380   66.1  0.206
IMG_1305         5 good good                    0.39   0.049  0.022  0.013   0.118  0.175   0.180  0.426 -0.395   72.3  0.185
IMG_1305         6 good good                    0.39   0.035  0.028  0.013   0.104  0.177   0.178  0.418 -0.399   61.3  0.183
IMG_1359         1 good good                    0.83   0.033  0.014  0.033   0.168   0.34   0.281  0.253 -0.537   64.5  0.247
IMG_1359         2 good good                    0.86   0.058  0.037  0.051   0.176  0.385   0.281  0.272 -0.530   67.2  0.287
IMG_1359         3 good good                    0.84   0.059  0.027  0.046   0.203  0.387   0.310  0.290 -0.525   66.5  0.305
IMG_1359         4 good good                    0.80   0.055  0.028  0.055   0.166  0.338   0.270  0.294 -0.534   67.2  0.271
IMG_1359         5 good good                    0.80  -0.011 -0.015 -0.016   0.183  0.329   0.315  0.240 -0.445   76.1  0.201
IMG_1359         6 good hips too high           0.88  -0.228 -0.303 -0.256   0.193  0.367   0.254  0.249 -0.191   77.3  0.006
IMG_1359         7 good good                    0.78   0.038  0.025  0.038    0.13  0.316   0.236  0.278 -0.512   70.6  0.245
IMG_1359         8 good good                    0.75   0.074   0.07  0.074   0.147  0.322   0.255  0.331 -0.513   64.3  0.299
IMG_1359         9 good good                    0.72   0.081  0.063  0.078   0.161  0.292   0.277  0.323 -0.499   62.3  0.321
IMG_1360         1 good good                    0.66   0.136  0.136  0.117   0.133  0.274   0.258  0.456 -0.505   63.7  0.384
IMG_1360         2 good good                    0.66   0.161  0.154  0.143   0.129  0.276   0.240  0.464 -0.532   62.2  0.403
IMG_1360         3 good good                    0.65   0.156  0.132  0.098   0.198  0.273   0.323  0.466 -0.495   63.8  0.352
IMG_1360         4 good good                    0.81  -0.127 -0.173 -0.146   0.198  0.354   0.285  0.303 -0.494   54.3  0.128
IMG_1360         5 good good                    0.80   0.098   0.07  0.067   0.211  0.343   0.333  0.384 -0.489   52.0  0.319
IMG_1360         6 good good                    0.68   0.139  0.103  0.064   0.185  0.274   0.340  0.439 -0.416   71.8  0.324
IMG_1512         1 good good                    0.79   0.129  0.107  0.124   0.154  0.322   0.266  0.189 -0.490   54.2  0.343
IMG_1512         2 good good                    0.79   0.113   0.11  0.074   0.143  0.317   0.314  0.174 -0.480   55.5  0.306
IMG_1512         3 good good                    0.81   0.095  0.075  0.071    0.16  0.332   0.257  0.217 -0.492   58.3  0.325
IMG_1512         4 good good                    0.84   0.081   0.06  0.072   0.201  0.364   0.329  0.181 -0.480   56.7  0.302
demo             1 good good                    0.73  -0.006 -0.037 -0.045    0.25  0.333   0.426  0.383 -0.420   65.6  0.230
demo             2 good good                    0.73  -0.035 -0.065 -0.092   0.251  0.341   0.380  0.437 -0.383   69.1  0.167
demo             3 good good                    0.84   0.040 -0.026 -0.007   0.268  0.373   0.385  0.411 -0.204   47.8  0.256
good_IMG_4378    1 good good                    0.60  -0.014 -0.026 -0.016   0.183   0.28   0.257  0.348 -0.423   60.0  0.177
good_IMG_4378    2 good good                    0.69   0.011 -0.006 -0.006   0.185  0.294   0.296  0.324 -0.407   62.9  0.208
good_IMG_4378    3 good good                    0.69   0.042  0.031  0.022   0.183  0.294   0.306  0.338 -0.402   64.1  0.245
good_IMG_4378    4 good good                    0.69   0.047  0.021  0.011   0.207  0.299   0.316  0.315 -0.396   58.8  0.240
good_IMG_4378    5 good good                    0.67   0.051  0.037  0.047   0.181  0.278   0.276  0.333 -0.401   61.2  0.259
good_IMG_4378    6 good good                    0.70   0.102  0.048  0.047   0.245  0.315   0.351  0.341 -0.423   64.0  0.272
good_IMG_4378    7 good good                    0.67   0.069   0.05  0.045   0.166  0.284   0.266  0.319 -0.396   62.2  0.251
good_IMG_4378    8 good good                    0.65   0.071  0.062  0.055   0.181  0.284   0.270  0.338 -0.411   64.2  0.283
good_IMG_4409    1 good good                    0.76   0.003 -0.043 -0.035   0.251  0.349   0.370  0.393 -0.287   56.8  0.226
good_IMG_4409    2 good good                    0.75  -0.016 -0.053 -0.039   0.216  0.303   0.323  0.419 -0.244   67.3  0.212
good_IMG_4409    3 good good                    0.72  -0.008 -0.016  -0.04   0.179  0.303   0.346  0.412 -0.257   65.3  0.245
good_IMG_4409    4 good good                    0.71  -0.014 -0.029 -0.026   0.244  0.359   0.311  0.401 -0.280   65.6  0.216
good_IMG_4409    5 good good                    0.72   0.023  0.001  0.023   0.206   0.32   0.295  0.441 -0.234   74.7  0.286
test_video       3 good good                    0.76   0.127   0.05  0.055   0.252  0.307   0.359  0.489 -0.334   74.5  0.297
test_video       4 good good                    0.65   0.132  0.088  0.093   0.193   0.28   0.292  0.435 -0.343   69.3  0.312
test_video3      1 good good                    0.74   0.003 -0.048 -0.044   0.264  0.334   0.421  0.392 -0.414   64.8  0.223
test_video3      2 good good                    0.74  -0.026 -0.069  -0.09   0.274   0.35   0.387  0.430 -0.391   67.7  0.160
test_video3      3 good good                    0.86   0.065 -0.038 -0.021   0.262  0.346   0.408  0.435 -0.198   57.1  0.255
test_video3      5 good good                    0.62   0.046  0.023  0.046   0.152  0.257   0.223  0.460 -0.453   82.8  0.323
test_video_2     1 good good                    0.63   0.044  0.006  0.028   0.195  0.266   0.260  0.346 -0.409   59.9  0.247
test_video_2     4 good good                    0.68   0.078  0.034  0.069   0.149  0.282   0.210  0.353 -0.360   59.9  0.294
test_video_4     1 good good                    0.67   0.028  0.001  0.018   0.176  0.272   0.275  0.372 -0.395   61.0  0.274
test_video_4     2 good good                    0.62   0.044  0.033  0.044   0.158  0.271   0.234  0.351 -0.392   55.3  0.267
test_video_4     3 good good                    0.66   0.058  0.039  0.038   0.189  0.283   0.280  0.339 -0.393   53.8  0.260
test_video_4     4 good good                    0.64   0.064  0.036  0.043   0.178  0.292   0.270  0.355 -0.387   55.4  0.278

== traces-browser
clip             n lab  got                      dep  maxDev  dev40  dev60  hipR40  shR40  hipRng    wrB   elbA elbAng  hipBS
IMG_1512         5 bad  good                    1.12   0.065 -0.007 -0.007   0.378   1.08   0.454  0.237 -0.242   37.4  0.986
IMG_1512         6 bad  hips too high           0.66  -0.277 -0.306 -0.309   0.162   0.27   0.282  0.338  0.007   80.1 -0.147
IMG_1513         1 bad  good                    0.61   0.127  0.127  0.127     0.1   0.38   0.190  0.568 -0.286   80.8  0.354
bad_IMG_4451     1 bad  dropped to the floor    0.57   0.030  0.013  0.016   0.169  0.267   0.237  0.550 -0.029  106.4  0.277
bad_IMG_4451     2 bad  dropped to the floor    0.50   0.081  0.052   0.05    0.17  0.216   0.244  0.509 -0.056  105.9  0.283
bad_IMG_4451     3 bad  dropped to the floor    0.55   0.076  0.048  0.054   0.176  0.233   0.272  0.503 -0.037  101.9  0.303
bad_IMG_4451     4 bad  dropped to the floor    0.57   0.074  0.046  0.044   0.181  0.259   0.269  0.474 -0.043   88.4  0.301
bad_IMG_4456     1 bad  good                    0.70   0.097  0.072  0.097   0.126  0.313   0.214  0.316 -0.390   64.9  0.304
bad_IMG_4456     2 bad  good                    0.58   0.072  0.027   0.05    0.15  0.241   0.242  0.359 -0.359   70.5  0.266
bad_IMG_4456     3 bad  good                    0.62   0.079  0.063  0.074   0.125  0.258   0.229  0.328 -0.349   66.9  0.287
bad_IMG_4456     4 bad  good                    0.67   0.113  0.079  0.084   0.147  0.298   0.263  0.337 -0.355   66.6  0.332
bad_IMG_4470     1 bad  hips sagging            0.50   0.168  0.121  0.147   0.142    0.2   0.225  0.585 -0.313   92.7  0.402
bad_IMG_4470     2 bad  hips sagging            0.34   0.210  0.184  0.182   0.084   0.16   0.155  0.589 -0.294   92.7  0.390
bad_IMG_4470     3 bad  hips sagging            0.49   0.236  0.209  0.219    0.15  0.234   0.221  0.541 -0.358   87.8  0.470
bad_IMG_4470     4 bad  hips sagging            0.60   0.222  0.162  0.184   0.139  0.256   0.217  0.625 -0.372   86.1  0.493
demo             4 bad  good                    0.71   0.101  0.082  0.101   0.127  0.357   0.212  0.447 -0.202  102.8  0.361
test_video       1 bad  hips sagging            0.46   0.417  0.386  0.408   0.009   0.23   0.043  0.373  0.009  109.3  0.620
test_video       2 bad  good                    0.78   0.143  0.018  0.037   0.289  0.312   0.407  0.411 -0.281   65.7  0.272
test_video3      4 bad  good                    0.72   0.094  0.074  0.094   0.094    0.3   0.214  0.430 -0.193   92.6  0.352
test_video_2     2 bad  dropped to the floor    0.65   0.070  0.016  0.002   0.214  0.278   0.379  0.309  0.123   89.4  0.234
test_video_2     3 bad  knees down              0.49  -0.285 -0.343 -0.299   0.052  0.206   0.053  0.341 -0.012   63.1 -0.028
test_video_4     5 bad  good                    0.67   0.131  0.039  0.072   0.242  0.273   0.326  0.265 -0.211   74.8  0.290
IMG_1305         2 good good                    0.38  -0.020 -0.081 -0.053    0.14  0.167   0.169  0.404 -0.403   57.2  0.119
IMG_1305         3 good good                    0.31  -0.034 -0.052 -0.099   0.064  0.131   0.149  0.357 -0.439   59.1  0.047
IMG_1305         4 good good                    0.45   0.014 -0.049 -0.023   0.152  0.186   0.228  0.376 -0.407   54.6  0.151
IMG_1305         5 good good                    0.36   0.033  0.003  -0.04   0.111  0.157   0.206  0.391 -0.393   59.8  0.141
IMG_1305         6 good good                    0.42   0.030 -0.005 -0.045    0.13  0.183   0.220  0.386 -0.374   58.2  0.137
IMG_1359         1 good good                    0.77   0.032  0.017   0.03   0.195  0.337   0.296  0.280 -0.519   62.0  0.251
IMG_1359         2 good good                    0.81   0.073  0.041  0.069   0.225  0.393   0.308  0.298 -0.517   72.0  0.298
IMG_1359         3 good good                    0.75   0.061  0.026  0.055   0.199  0.328   0.276  0.300 -0.512   64.3  0.271
IMG_1359         4 good good                    0.76   0.058  0.026  0.058   0.211  0.358   0.284  0.328 -0.516   66.1  0.276
IMG_1359         5 good good                    0.77   0.001  0.001 -0.008   0.207  0.367   0.307  0.313 -0.451   78.2  0.197
IMG_1359         6 good hips too high           0.84  -0.185 -0.258 -0.226   0.153  0.357   0.232  0.243 -0.207   57.6  0.042
IMG_1359         7 good good                    0.77   0.039  0.033  0.039    0.17  0.352   0.257  0.294 -0.493   73.8  0.242
IMG_1359         8 good good                    0.72   0.076  0.065  0.049   0.195  0.341   0.281  0.341 -0.497   66.7  0.299
IMG_1359         9 good good                    0.71   0.073  0.073  0.069   0.184   0.31   0.285  0.349 -0.492   69.3  0.282
IMG_1360         1 good good                    0.75   0.115  0.089  0.076   0.165  0.303   0.297  0.406 -0.510   59.7  0.339
IMG_1360         2 good good                    0.66   0.146   0.11  0.107    0.18  0.301   0.301  0.422 -0.529   58.5  0.362
IMG_1360         3 good good                    0.66   0.146  0.088  0.042   0.213  0.287   0.357  0.424 -0.493   57.0  0.306
IMG_1360         4 good good                    0.79  -0.133 -0.174 -0.158   0.208  0.317   0.293  0.278 -0.499   57.5  0.106
IMG_1360         5 good good                    0.80   0.096  0.047  0.026   0.265  0.367   0.377  0.357 -0.474   59.5  0.288
IMG_1360         6 good good                    0.70   0.110  0.026  0.027   0.262   0.31   0.391  0.408 -0.411   68.6  0.298
IMG_1512         1 good good                    0.90   0.083  0.021  0.063   0.189  0.367   0.342  0.205 -0.482   50.6  0.292
IMG_1512         2 good good                    1.04   0.072  0.039  0.043   0.201  0.467   0.349  0.176 -0.451   48.0  0.266
IMG_1512         3 good good                    0.89   0.081  0.013  0.081   0.214  0.402   0.289  0.195 -0.471   49.1  0.282
IMG_1512         4 good good                    1.30   0.064 -0.063  0.027   0.381  0.565   0.408  0.182 -0.496   44.6  0.296
demo             1 good good                    0.82  -0.044 -0.044 -0.089   0.217  0.371   0.383  0.357 -0.420   63.7  0.167
demo             2 good good                    0.91  -0.055 -0.083 -0.117   0.234  0.373   0.398  0.523 -0.449   73.3  0.143
demo             3 good good                    2.11   0.011 -0.054 -0.002   0.468  0.898   0.770  0.476 -0.201   70.8  0.251
good_IMG_4378    1 good good                    0.74  -0.020 -0.052  -0.02   0.152  0.298   0.234  0.304 -0.412   74.2  0.161
good_IMG_4378    2 good good                    1.13   0.002 -0.027  -0.01   0.275   0.47   0.439  0.361 -0.415   69.3  0.208
good_IMG_4378    3 good good                    1.11   0.026  0.008  0.005   0.281  0.476   0.422  0.374 -0.449   73.8  0.248
good_IMG_4378    4 good good                    1.01   0.034  0.028  0.034   0.246   0.43   0.371  0.355 -0.410   58.6  0.239
good_IMG_4378    5 good good                    0.95   0.039  0.011  0.037   0.225  0.401   0.329  0.362 -0.396   69.9  0.265
good_IMG_4378    6 good good                    0.99   0.050  0.019  0.043   0.275  0.471   0.383  0.411 -0.433   79.4  0.272
good_IMG_4378    7 good good                    1.05   0.048   0.04  0.025   0.258  0.478   0.368  0.363 -0.419   64.5  0.258
good_IMG_4378    8 good good                    1.15   0.092  0.051  0.052   0.281  0.464   0.432  0.412 -0.440   71.9  0.300
good_IMG_4409    1 good good                    0.77  -0.025 -0.052 -0.034   0.239  0.373   0.337  0.400 -0.239   62.1  0.235
good_IMG_4409    2 good good                    0.75  -0.035 -0.058 -0.043   0.185  0.334   0.287  0.407 -0.188   73.9  0.224
good_IMG_4409    3 good good                    0.75  -0.028 -0.035 -0.047   0.174  0.333   0.306  0.470 -0.198   78.9  0.208
good_IMG_4409    4 good good                    0.72  -0.014 -0.043 -0.014    0.19  0.324   0.312  0.425 -0.199   72.5  0.253
good_IMG_4409    5 good good                    0.79   0.011 -0.017  0.011   0.166  0.331   0.282  0.411 -0.184   70.0  0.270
test_video       3 good good                    0.87   0.110  0.003   0.03   0.313  0.373   0.420  0.446 -0.269   82.3  0.264
test_video       4 good good                    0.63   0.117  0.033  0.013   0.254  0.265   0.334  0.381 -0.302   72.0  0.250
test_video3      1 good good                    0.91  -0.036 -0.046 -0.071   0.212  0.394   0.388  0.400 -0.405   59.5  0.180
test_video3      2 good good                    0.94  -0.046 -0.067 -0.101   0.321  0.462   0.513  0.548 -0.482   85.4  0.161
test_video3      3 good good                    1.93   0.023 -0.033  0.009   0.396   0.81   0.662  0.464 -0.186   55.9  0.248
test_video3      5 good good                    1.22   0.018 -0.015 -0.005   0.242  0.507   0.406  0.485 -0.462   70.2  0.305
test_video_2     1 good good                    0.67   0.008 -0.005  0.004   0.149  0.272   0.265  0.278 -0.358   61.8  0.211
test_video_2     4 good good                    0.70   0.050  0.041   0.05   0.158  0.338   0.224  0.312 -0.347   67.3  0.269
test_video_4     1 good good                    0.67  -0.004  -0.03 -0.019   0.175  0.295   0.252  0.335 -0.339   60.0  0.239
test_video_4     2 good good                    0.66   0.034  0.006  0.027   0.175  0.308   0.252  0.312 -0.313   58.8  0.281
test_video_4     3 good good                    0.67   0.034  0.022  0.034   0.185  0.307   0.266  0.305 -0.333   61.2  0.261
test_video_4     4 good good                    0.66   0.043  0.026  0.025   0.162  0.286   0.265  0.325 -0.319   60.1  0.271

== traces-browser-mirrored
clip             n lab  got                      dep  maxDev  dev40  dev60  hipR40  shR40  hipRng    wrB   elbA elbAng  hipBS
IMG_1512         5 bad  good                    0.83   0.081 -0.213 -0.213   0.664  0.638   0.664  0.265 -0.212   28.1  0.130
IMG_1512         6 bad  hips too high           0.58  -0.275 -0.335 -0.282   0.155  0.234   0.223  0.341 -0.120   46.8 -0.135
IMG_1513         1 bad  good                    0.52   0.078  0.045  0.068   0.038  0.218   0.089  0.482 -0.378   61.0  0.282
bad_IMG_4451     1 bad  dropped to the floor    0.64   0.071  0.046  0.049   0.172  0.301   0.252  0.560 -0.078  103.6  0.293
bad_IMG_4451     2 bad  good                    0.53   0.097   0.06  0.086   0.151  0.228   0.210  0.432 -0.155   91.8  0.310
bad_IMG_4451     3 bad  dropped to the floor    0.65   0.098  0.063  0.077   0.195   0.28   0.269  0.438 -0.077  102.7  0.312
bad_IMG_4451     4 bad  dropped to the floor    0.60   0.087  0.036  0.077   0.169  0.243   0.240  0.411 -0.098   84.2  0.298
bad_IMG_4456     1 bad  good                    0.63   0.090  0.034  0.047   0.137  0.275   0.227  0.348 -0.409   70.2  0.326
bad_IMG_4456     2 bad  good                    0.59   0.054  0.014  0.038    0.19  0.269   0.264  0.394 -0.347   80.2  0.285
bad_IMG_4456     3 bad  good                    0.60   0.083  0.062  0.061   0.166  0.262   0.246  0.332 -0.344   73.4  0.331
bad_IMG_4456     4 bad  good                    0.65   0.126  0.083  0.098   0.174  0.294   0.241  0.351 -0.342   71.5  0.376
bad_IMG_4470     1 bad  hips sagging            0.50   0.165  0.113  0.099   0.179  0.241   0.203  0.590 -0.296   98.7  0.401
bad_IMG_4470     2 bad  hips sagging            0.46   0.141  0.129  0.123   0.097  0.195   0.190  0.581 -0.287  101.5  0.394
bad_IMG_4470     3 bad  hips sagging            0.57   0.181  0.157  0.164   0.138   0.24   0.243  0.554 -0.354   85.1  0.479
bad_IMG_4470     4 bad  hips sagging            0.55   0.200  0.168  0.167   0.191  0.225   0.265  0.639 -0.311   90.0  0.494
demo             4 bad  good                    0.70   0.117  0.087  0.117    0.12  0.291   0.249  0.511 -0.191   93.1  0.387
test_video       1 bad  hips sagging            0.52   0.399  0.378  0.396   0.018   0.23   0.046  0.435 -0.037   94.9  0.622
test_video       2 bad  good                    0.87   0.080  0.034  0.034   0.257  0.351   0.351  0.476 -0.327   76.9  0.309
test_video3      4 bad  good                    0.69   0.119  0.079  0.107   0.121  0.304   0.205  0.450 -0.196   73.9  0.387
test_video_2     2 bad  dropped to the floor    0.70   0.079  0.034  0.029   0.189  0.285   0.336  0.418  0.023  166.0  0.268
test_video_2     3 bad  knees down              0.56  -0.285 -0.333 -0.298   0.051   0.24   0.065  0.322 -0.023   84.1 -0.035
test_video_4     5 bad  good                    0.72   0.102  0.073   0.07   0.208  0.323   0.301  0.366 -0.142   89.5  0.294
IMG_1305         2 good good                    0.43  -0.075 -0.082 -0.079   0.091  0.187   0.146  0.329 -0.383   57.3  0.072
IMG_1305         3 good good                    0.35  -0.090  -0.09 -0.102   0.082  0.188   0.122  0.362 -0.380   58.9  0.014
IMG_1305         4 good good                    0.46  -0.029 -0.045  -0.05   0.081   0.19   0.151  0.361 -0.297   68.2  0.132
IMG_1305         5 good good                    0.44  -0.025 -0.044 -0.025   0.124   0.21   0.159  0.382 -0.330   59.3  0.136
IMG_1305         6 good good                    0.46  -0.019 -0.083 -0.019    0.17   0.19   0.185  0.377 -0.297   69.3  0.140
IMG_1359         1 good good                    0.82   0.037  0.028  0.037   0.229  0.421   0.306  0.231 -0.508   58.7  0.242
IMG_1359         2 good good                    0.87   0.059  0.044  0.041   0.195  0.402   0.312  0.255 -0.497   69.3  0.281
IMG_1359         3 good good                    0.83   0.050  0.043   0.05   0.175  0.343   0.297  0.268 -0.489   62.9  0.253
IMG_1359         4 good good                    0.83   0.068  0.043  0.068   0.189  0.366   0.285  0.269 -0.486   69.1  0.274
IMG_1359         5 good good                    0.80   0.008  0.008 -0.006    0.16  0.366   0.303  0.208 -0.372   39.5  0.197
IMG_1359         6 good hips too high           0.92  -0.211 -0.262 -0.211    0.21   0.42   0.275  0.211 -0.192   25.5  0.020
IMG_1359         7 good good                    0.83   0.069  0.012  0.035   0.179  0.345   0.293  0.245 -0.452   57.2  0.286
IMG_1359         8 good good                    0.75   0.090  0.055  0.044   0.195  0.345   0.273  0.318 -0.473   71.7  0.301
IMG_1359         9 good good                    0.72   0.087   0.06  0.079   0.175  0.302   0.283  0.316 -0.470   72.0  0.312
IMG_1360         1 good good                    0.72   0.113  0.094  0.066   0.145  0.302   0.293  0.389 -0.492   56.7  0.341
IMG_1360         2 good good                    0.70   0.136  0.111  0.101   0.141  0.314   0.253  0.413 -0.513   59.2  0.342
IMG_1360         3 good good                    0.69   0.132  0.096  0.071    0.21  0.314   0.350  0.411 -0.492   58.9  0.330
IMG_1360         4 good good                    0.81  -0.146  -0.18  -0.15   0.183  0.333   0.278  0.337 -0.425   44.9  0.090
IMG_1360         5 good good                    0.78   0.087  0.045  0.065   0.222   0.33   0.338  0.353 -0.486   50.5  0.319
IMG_1360         6 good good                    0.68   0.118  0.062  0.061   0.203  0.279   0.339  0.398 -0.412   61.3  0.298
IMG_1512         1 good good                    0.91   0.044  0.019  0.041   0.219  0.371   0.327  0.248 -0.517   51.1  0.249
IMG_1512         2 good good                    0.88   0.037  0.002  0.014    0.22  0.363   0.329  0.186 -0.478   46.5  0.228
IMG_1512         3 good good                    0.85   0.024 -0.037  0.024   0.251  0.356   0.325  0.225 -0.488   53.4  0.234
IMG_1512         4 good good                    0.97   0.025 -0.042      0   0.271  0.415   0.366  0.213 -0.496   59.3  0.267
demo             1 good good                    0.86  -0.051 -0.111 -0.075   0.275  0.388   0.420  0.350 -0.404   61.7  0.241
demo             2 good good                    0.76  -0.077 -0.083 -0.116   0.224  0.347   0.374  0.394 -0.383   67.7  0.188
demo             3 good good                    1.07   0.054 -0.012 -0.043   0.296  0.464   0.493  0.522 -0.097   40.0  0.232
good_IMG_4378    1 good good                    0.66  -0.010 -0.054 -0.026   0.178  0.298   0.231  0.314 -0.425   63.0  0.174
good_IMG_4378    2 good good                    0.85   0.008 -0.009  -0.01   0.233   0.38   0.363  0.283 -0.406   67.4  0.202
good_IMG_4378    3 good good                    0.88   0.042  0.013  0.032   0.222  0.366   0.350  0.323 -0.413   69.8  0.259
good_IMG_4378    4 good good                    0.76   0.034   0.03  0.034   0.231  0.372   0.311  0.313 -0.398   66.7  0.251
good_IMG_4378    5 good good                    0.83   0.064  0.034  0.064   0.232  0.369   0.328  0.343 -0.392   61.0  0.275
good_IMG_4378    6 good good                    0.80   0.070  0.049  0.064   0.231  0.355   0.351  0.367 -0.381   64.1  0.285
good_IMG_4378    7 good good                    0.77   0.056   0.04  0.025   0.208  0.355   0.302  0.309 -0.387   65.3  0.274
good_IMG_4378    8 good good                    0.75   0.068  0.048  0.068   0.203  0.327   0.278  0.313 -0.400   67.0  0.301
good_IMG_4409    1 good good                    0.76   0.007 -0.066  0.007   0.243  0.365   0.303  0.437 -0.219   78.2  0.250
good_IMG_4409    2 good good                    0.81  -0.019 -0.064 -0.036   0.224  0.356   0.321  0.491 -0.122   91.6  0.221
good_IMG_4409    3 good good                    0.79  -0.019 -0.051 -0.045   0.203  0.364   0.305  0.455 -0.245   75.8  0.229
good_IMG_4409    4 good good                    0.77   0.025 -0.003  0.025   0.188  0.345   0.279  0.425 -0.197   79.5  0.273
good_IMG_4409    5 good good                    0.78   0.073  0.058  0.073   0.197   0.37   0.303  0.465 -0.165   92.9  0.315
test_video       3 good good                    0.84   0.084 -0.016  0.027   0.305  0.378   0.387  0.474 -0.314   79.2  0.301
test_video       4 good good                    0.67   0.102  0.043  0.049   0.234  0.339   0.307  0.450 -0.330   78.5  0.251
test_video3      1 good good                    0.84  -0.056 -0.119 -0.056   0.247  0.379   0.395  0.365 -0.393   65.4  0.234
test_video3      2 good good                    0.79  -0.080  -0.08 -0.107   0.216  0.361   0.335  0.440 -0.380   70.2  0.156
test_video3      3 good dropped to the floor    0.98   0.043  -0.01 -0.016   0.278  0.411   0.454  0.542 -0.089   81.5  0.240
test_video3      5 good good                    0.93   0.035  -0.03  0.035   0.202  0.372   0.299  0.450 -0.483   80.4  0.329
test_video_2     1 good good                    0.64   0.008 -0.034 -0.067   0.205  0.256   0.287  0.294 -0.412   62.6  0.201
test_video_2     4 good good                    0.71   0.053  0.028  0.053   0.154   0.31   0.221  0.313 -0.360   58.7  0.275
test_video_4     1 good good                    0.68   0.031 -0.005  0.027   0.172  0.307   0.251  0.333 -0.383   62.8  0.276
test_video_4     2 good good                    0.67   0.062  0.015  0.049   0.156  0.271   0.234  0.325 -0.346   58.2  0.286
test_video_4     3 good good                    0.70   0.062  0.044  0.059   0.184  0.316   0.252  0.315 -0.367   61.1  0.284
test_video_4     4 good good                    0.68   0.050  0.008  0.041   0.166  0.282   0.247  0.360 -0.367   63.2  0.280
